(1, array([ 5.26370172e+00,  1.61980405e+03,  2.33870879e+02,  5.12794186e+00,
        1.94895141e+03,  2.27055609e+02,  3.13354171e-01, -4.42755791e+03,
       -4.25375708e+03]), 2.3922388249426034)
(2, array([ 5.26370172e+00,  1.61980405e+03,  2.33870879e+02,  5.12794186e+00,
        1.94895141e+03,  2.27055609e+02,  3.13354171e-01, -4.42755791e+03,
       -4.25375708e+03]), 2.3922388249426034)
(3, array([ 5.26370172e+00,  1.61980405e+03,  2.33870879e+02,  5.12794186e+00,
        1.94895141e+03,  2.27055609e+02,  3.13354171e-01, -4.42755791e+03,
       -4.25375708e+03]), 2.3922388249426034)
(4, array([ 5.26370172e+00,  1.61980405e+03,  2.33870879e+02,  5.12794186e+00,
        1.94895141e+03,  2.27055609e+02,  3.13354171e-01, -4.42755791e+03,
       -4.25375708e+03]), 2.3922388249426034)
(5, array([ 5.26370172e+00,  1.61980405e+03,  2.33870879e+02,  5.12794186e+00,
        1.94895141e+03,  2.27055609e+02,  3.13354171e-01, -4.42755791e+03,
       -4.25375708e+03]), 2.3922388249426034)
